initialize mean: [[ 3.  3.]
 [ 2.  2.]
 [-3. -3.]]
initialize cov: [array([[1., 0.],
       [0., 1.]]), array([[1., 0.],
       [0., 1.]]), array([[1., 0.],
       [0., 1.]])]
initialize phi: [0.33333333 0.33333333 0.33333333]
Itteration:  0
Using mean:  [[ 3.  3.]
 [ 2.  2.]
 [-3. -3.]]
Using covariant:  [array([[1., 0.],
       [0., 1.]]), array([[1., 0.],
       [0., 1.]]), array([[1., 0.],
       [0., 1.]])]
Using phi:  [0.33333333 0.33333333 0.33333333]
W matrix:  [[1.19202922e-01 8.80797076e-01 1.81545808e-09]
 [7.31058579e-01 2.68941421e-01 1.69570706e-16]
 [2.68941421e-01 7.31058579e-01 1.01529005e-11]
 [9.99983299e-01 1.67014218e-05 2.03105874e-42]
 [9.99088949e-01 9.11051194e-04 5.37528453e-32]
 [9.99876605e-01 1.23394576e-04 3.30529272e-37]
 [2.31952283e-16 1.38879439e-11 1.00000000e+00]
 [2.31952283e-16 1.38879439e-11 1.00000000e+00]
 [3.30570063e-37 5.90009054e-29 1.00000000e+00]]
New phi:  [0.45757242 0.20909425 0.33333333]
New mu:  [[ 5.78992692  5.81887265]
 [ 1.67718211  2.14523106]
 [-4.         -4.66666666]]
New sigma:  [array([[12.31988634,  0.        ],
       [ 0.        , 12.23304914]]), array([[0.62066718, 0.        ],
       [0.        , 0.15261824]]), array([[5.66666667, 0.        ],
       [0.        , 5.66666668]])]
Itteration:  1
Using mean:  [[ 5.78992692  5.81887265]
 [ 1.67718211  2.14523106]
 [-4.         -4.66666666]]
Using covariant:  [array([[12.31988634,  0.        ],
       [ 0.        , 12.23304914]]), array([[0.62066718, 0.        ],
       [0.        , 0.15261824]]), array([[5.66666667, 0.        ],
       [0.        , 5.66666668]])]
Using phi:  [0.45757242 0.20909425 0.33333333]
W matrix:  [[1.81294622e-002 9.81582998e-001 2.87540002e-004]
 [5.64494061e-001 4.35380622e-001 1.25316584e-004]
 [1.92846943e-002 9.80633501e-001 8.18047710e-005]
 [1.00000000e+000 4.70826685e-062 5.03915978e-012]
 [9.99999990e-001 3.82283898e-027 1.01750382e-008]
 [1.00000000e+000 7.32691444e-043 2.49006494e-010]
 [1.59795152e-003 7.69753019e-045 9.98402048e-001]
 [1.55069753e-003 5.89612118e-058 9.98449302e-001]
 [3.59091243e-006 1.89005654e-144 9.99996409e-001]]
New phi:  [0.40056227 0.26639968 0.33303805]
New mu:  [[ 6.30842698  6.31259558]
 [ 1.77218759  2.1815904 ]
 [-4.00062813 -4.66675525]]
New sigma:  [array([[3.24482139, 0.        ],
       [0.        , 3.18737779]]), array([[0.54812076, 0.        ],
       [0.        , 0.14993733]]), array([[4.67362081, 0.        ],
       [0.        , 2.89766742]])]
Itteration:  2
Using mean:  [[ 6.30842698  6.31259558]
 [ 1.77218759  2.1815904 ]
 [-4.00062813 -4.66675525]]
Using covariant:  [array([[3.24482139, 0.        ],
       [0.        , 3.18737779]]), array([[0.54812076, 0.        ],
       [0.        , 0.14993733]]), array([[4.67362081, 0.        ],
       [0.        , 2.89766742]])]
Using phi:  [0.40056227 0.26639968 0.33303805]
W matrix:  [[1.81240251e-004 9.99812736e-001 6.02360765e-006]
 [1.40770128e-001 8.59229229e-001 6.42663215e-007]
 [4.85324724e-004 9.99513546e-001 1.12958651e-006]
 [1.00000000e+000 7.30562640e-064 3.40271752e-019]
 [1.00000000e+000 4.88274872e-028 5.02342563e-014]
 [1.00000000e+000 3.05867029e-044 1.26696752e-016]
 [4.85980138e-012 2.29092578e-047 1.00000000e+000]
 [3.11260608e-012 1.78986020e-060 1.00000000e+000]
 [1.09172834e-023 1.82739807e-151 1.00000000e+000]]
New phi:  [0.34904852 0.31761728 0.3333342 ]
New mu:  [[ 6.81963839  6.81969608]
 [ 1.95082009  2.30058161]
 [-3.9999862  -4.66664913]]
New sigma:  [array([[1.58836939, 0.        ],
       [0.        , 1.58356938]]), array([[0.67983404, 0.        ],
       [0.        , 0.22439122]]), array([[4.6667292 , 0.        ],
       [0.        , 2.88899996]])]
Itteration:  3
Using mean:  [[ 6.81963839  6.81969608]
 [ 1.95082009  2.30058161]
 [-3.9999862  -4.66664913]]
Using covariant:  [array([[1.58836939, 0.        ],
       [0.        , 1.58356938]]), array([[0.67983404, 0.        ],
       [0.        , 0.22439122]]), array([[4.6667292 , 0.        ],
       [0.        , 2.88899996]])]
Using phi:  [0.34904852 0.31761728 0.3333342 ]
W matrix:  [[9.84227343e-009 9.99991670e-001 8.32048865e-006]
 [1.82843704e-004 9.99817007e-001 1.49550814e-007]
 [1.44413428e-007 9.99998536e-001 1.31922259e-006]
 [1.00000000e+000 6.70321724e-043 1.72563002e-019]
 [1.00000000e+000 1.86494636e-018 3.93009098e-014]
 [1.00000000e+000 1.15283773e-029 5.80141001e-017]
 [1.71803994e-026 1.54660928e-034 1.00000000e+000]
 [8.26524801e-027 5.89169041e-043 1.00000000e+000]
 [8.21355496e-052 3.03027464e-108 1.00000000e+000]]
New phi:  [0.33335367 0.33331191 0.33333442]
New mu:  [[ 6.99975596  6.99975597]
 [ 1.99994178  2.33329375]
 [-3.99998315 -4.66664486]]
New sigma:  [array([[0.70004471, 0.        ],
       [0.        , 0.7000239 ]]), array([[0.66905867, 0.        ],
       [0.        , 0.22327911]]), array([[4.66673905, 0.        ],
       [0.        , 2.8890252 ]])]
initialize mean: [[ 3.  3.]
 [-3. -3.]]
initialize cov: [array([[1., 0.],
       [0., 1.]]), array([[1., 0.],
       [0., 1.]])]
initialize phi: [0.5 0.5]
Itteration:  0
Using mean:  [[ 3.  3.]
 [-3. -3.]]
Using covariant:  [array([[1., 0.],
       [0., 1.]]), array([[1., 0.],
       [0., 1.]])]
Using phi:  [0.5 0.5]
W matrix:  [[9.99999985e-01 1.52299795e-08]
 [1.00000000e+00 2.31952283e-16]
 [1.00000000e+00 3.77513454e-11]
 [1.00000000e+00 2.03109266e-42]
 [1.00000000e+00 5.38018616e-32]
 [1.00000000e+00 3.30570063e-37]
 [2.31952283e-16 1.00000000e+00]
 [2.31952283e-16 1.00000000e+00]
 [3.30570063e-37 1.00000000e+00]]
New phi:  [0.66666666 0.33333334]
New mu:  [[ 4.50000001  4.66666667]
 [-3.99999997 -4.66666663]]
New sigma:  [array([[9.16666668, 0.        ],
       [0.        , 8.66666669]]), array([[5.66666672, 0.        ],
       [0.        , 5.66666677]])]
Itteration:  1
Using mean:  [[ 4.50000001  4.66666667]
 [-3.99999997 -4.66666663]]
Using covariant:  [array([[9.16666668, 0.        ],
       [0.        , 8.66666669]]), array([[5.66666672, 0.        ],
       [0.        , 5.66666677]])]
Using phi:  [0.66666666 0.33333334]
W matrix:  [[9.94979696e-01 5.02030393e-03]
 [9.99922646e-01 7.73541258e-05]
 [9.98623856e-01 1.37614400e-03]
 [1.00000000e+00 6.27933891e-12]
 [9.99999994e-01 6.33185482e-09]
 [1.00000000e+00 2.12626993e-10]
 [2.77132409e-03 9.97228676e-01]
 [2.45908782e-03 9.97540912e-01]
 [1.30217751e-06 9.99998698e-01]]
New phi:  [0.66652866 0.33347134]
New mu:  [[ 4.49739004  4.66243446]
 [-3.9912655  -4.65434481]]
New sigma:  [array([[6.94971903, 0.        ],
       [0.        , 5.94046426]]), array([[4.72011919, 0.        ],
       [0.        , 2.98099996]])]
Itteration:  2
Using mean:  [[ 4.49739004  4.66243446]
 [-3.9912655  -4.65434481]]
Using covariant:  [array([[6.94971903, 0.        ],
       [0.        , 5.94046426]]), array([[4.72011919, 0.        ],
       [0.        , 2.98099996]])]
Using phi:  [0.66652866 0.33347134]
W matrix:  [[9.99840572e-01 1.59427561e-04]
 [9.99999613e-01 3.86910944e-07]
 [9.99967636e-01 3.23639718e-05]
 [1.00000000e+00 2.77855078e-18]
 [1.00000000e+00 1.61298139e-13]
 [1.00000000e+00 7.52961598e-16]
 [2.56424026e-04 9.99743576e-01]
 [1.65413279e-04 9.99834587e-01]
 [6.05550189e-09 9.99999994e-01]]
New phi:  [0.66669218 0.33330782]
New mu:  [[ 4.49960686  4.66618544]
 [-3.99986439 -4.66641867]]
New sigma:  [array([[6.9196161 , 0.        ],
       [0.        , 5.89303254]]), array([[4.66851519, 0.        ],
       [0.        , 2.89184297]])]
Itteration:  3
Using mean:  [[ 4.49960686  4.66618544]
 [-3.99986439 -4.66641867]]
Using covariant:  [array([[6.9196161 , 0.        ],
       [0.        , 5.89303254]]), array([[4.66851519, 0.        ],
       [0.        , 2.89184297]])]
Using phi:  [0.66669218 0.33330782]
W matrix:  [[9.99878285e-01 1.21714513e-04]
 [9.99999737e-01 2.62696505e-07]
 [9.99975707e-01 2.42934485e-05]
 [1.00000000e+00 9.72821019e-19]
 [1.00000000e+00 7.60047112e-14]
 [1.00000000e+00 3.07475059e-16]
 [2.42864008e-04 9.99757136e-01]
 [1.53905587e-04 9.99846094e-01]
 [5.29269940e-09 9.99999995e-01]]
New phi:  [0.6666945 0.3333055]
New mu:  [[ 4.49961088  4.66619901]
 [-3.99993149 -4.66651064]]
New sigma:  [array([[6.91946444, 0.        ],
       [0.        , 5.89277543]]), array([[4.66808038, 0.        ],
       [0.        , 2.89105082]])]
